6.459843638229704199e-01 7.862327458089204413e-01 8.028283621664914493e-01 2.352468596683531810e-01 8.514052400819377420e-01 1.144896863920564130e+02 8.391865557838465293e+02
5.772840627670384750e-01 8.042328386792747530e-01 7.114560049227627303e-01 2.362648258973354676e-01 7.415363223616500132e-01 8.820465723582815087e+01 7.744624167779777508e+02
6.234887877519911248e-01 8.557578545754467303e-01 8.087216816948290532e-01 2.449818646891186724e-01 8.759126743718332886e-01 1.113604967193540034e+02 8.212289671790352941e+02
6.154100292029117680e-01 8.507306288350062751e-01 7.126479027928295240e-01 2.430630458943018046e-01 7.794359524506953019e-01 1.202187810603522564e+02 8.108598959324059479e+02
5.968486917929770597e-01 7.700279955144319066e-01 7.233720525647411304e-01 2.348370739970127019e-01 7.863774779205212617e-01 1.264379353012615184e+02 7.950084067584514287e+02
5.384531384708030055e-01 7.798496692039139644e-01 7.349917244378767478e-01 2.236985746261176966e-01 8.186248780445209983e-01 1.296430883841340176e+02 7.465075133796523232e+02
6.199632816399105462e-01 9.034289103397312726e-01 7.851538989618217501e-01 2.473852049634054640e-01 8.288265445620235372e-01 7.879282376065867766e+01 8.142345782299664734e+02
6.194327103455699035e-01 8.209372650496259416e-01 7.872847638922412239e-01 2.526693385670873426e-01 7.857291390219519611e-01 7.481119102474818305e+01 8.118140410208525282e+02
5.414149283148579350e-01 8.015245409506998042e-01 7.240315302435079703e-01 2.177530197413829749e-01 7.290081156180242550e-01 1.270399072490163661e+02 7.472981454584399899e+02
5.700217833467084994e-01 9.057482405065587772e-01 7.034863463442961873e-01 2.220297302829030150e-01 8.394681620161131841e-01 1.209654520440368373e+02 7.735318254160046081e+02
6.371404136444639432e-01 8.735787365630380830e-01 7.497389067099367033e-01 2.345762621281676508e-01 8.332880981835392165e-01 1.199801014995789217e+02 8.313373936766231509e+02
6.031581325007778771e-01 8.222667879130729496e-01 7.840439824125479129e-01 2.485372841046238623e-01 7.906967775989750535e-01 1.154503673057623132e+02 8.019274776141387520e+02
5.706929401405678171e-01 7.683757731293090476e-01 7.940563260602103712e-01 2.349959626932832391e-01 7.466385242359488972e-01 1.152673652761669416e+02 7.732143307869539512e+02
5.761600598454327260e-01 7.608739726862178143e-01 7.273265371377672928e-01 2.187946454176475097e-01 8.108263448324409817e-01 1.260269430460330398e+02 7.776829836495057862e+02
6.143981625145059633e-01 8.607860719184359244e-01 8.073771862129225374e-01 2.410605475109713625e-01 7.862331067224732628e-01 1.294778304919129823e+02 8.134385410878245466e+02
6.367443546838541524e-01 8.222515383652579946e-01 7.417026219022658795e-01 2.403470602758697727e-01 8.340289368942362946e-01 1.291501797533486240e+02 8.309492821429264495e+02
6.287150986388996277e-01 9.015856882296022778e-01 7.231411917009548107e-01 2.398435746332441554e-01 8.715057680932610795e-01 7.497206057296122594e+01 8.201394552888709768e+02
5.419649483950806923e-01 9.200742356991101767e-01 7.079087923657561010e-01 2.346575988148346670e-01 8.649672053423917983e-01 1.133039502738652828e+02 7.499008298484901616e+02
5.736857089792597453e-01 7.837404432763960260e-01 7.092856460762512194e-01 2.330563565968403195e-01 8.580141304382659095e-01 1.153345088725686196e+02 7.754071983822638003e+02
5.997322530625713854e-01 9.154861412609559546e-01 8.211897940811155872e-01 2.163373709070625928e-01 8.424739368033742348e-01 8.027531166653307082e+01 7.983040113243315545e+02
6.352475107543200661e-01 9.070893900622198913e-01 7.565919214915598490e-01 2.496212334141904021e-01 7.630325065569654175e-01 8.100116303473032531e+01 8.256972606369630512e+02
5.544001398256144242e-01 8.615227446047866167e-01 7.866248633265472412e-01 2.406372590860096361e-01 8.115683812969289868e-01 7.669765794462927033e+01 7.575743090533410395e+02
6.237822047282833848e-01 8.707876426207128429e-01 8.154718084721344074e-01 2.273328102309724041e-01 7.883485617426085890e-01 1.220077353212590339e+02 8.211162213822092326e+02
5.343228797570284128e-01 8.090374380690371625e-01 7.016994950739243730e-01 2.083246099381406147e-01 7.657009300595032375e-01 1.124272495382011385e+02 7.401538906831602844e+02
6.067985212593558497e-01 8.219762776767065571e-01 7.082896191366609973e-01 2.497154981558597775e-01 7.546221910515584774e-01 1.136449397450972896e+02 8.022580870354644276e+02
6.193851245812098671e-01 8.166278243936226922e-01 8.147379334375425275e-01 2.339604045294902956e-01 7.747513549870925775e-01 1.260006121963414785e+02 8.168966842323432047e+02
5.368189367124106548e-01 8.871603169499617803e-01 8.232902755163669095e-01 2.459577500768447000e-01 8.741657597518330824e-01 1.215838860715578988e+02 7.491659412915398661e+02
6.169857979371974332e-01 9.168738460487632080e-01 7.895398743368288175e-01 2.270249219813775254e-01 8.582694589919953598e-01 1.294848712587758826e+02 8.168115942139401113e+02
5.437718030209737208e-01 8.111119075412372981e-01 7.895267413131515921e-01 2.485854754718263837e-01 8.465207758380308700e-01 8.793829375528959247e+01 7.499448212285350337e+02
5.788388191913135250e-01 8.888025696353650806e-01 8.048222409105943997e-01 2.510018180313429714e-01 7.403336488391494274e-01 7.707309188569981018e+01 7.781018501196909938e+02
5.397074011881068945e-01 7.802942419015730380e-01 8.153554408542994514e-01 2.335338442226488342e-01 7.407298957632284520e-01 1.205005193551911873e+02 7.479124860678440427e+02
5.457569320333661711e-01 7.805588394586411294e-01 7.858163583930237728e-01 2.454925624116597871e-01 8.505187867814296698e-01 1.117458567547144384e+02 7.534182778323755656e+02
5.362488438372566835e-01 8.856547478107520410e-01 7.343950661422322668e-01 2.482913916201885396e-01 7.314117896146534736e-01 1.219130941884434378e+02 7.440244671448896270e+02
6.048138448475378626e-01 8.540885696567793728e-01 8.139979736169427049e-01 2.216380629877550135e-01 8.622633043291322297e-01 1.234023327755137984e+02 8.060293344803152422e+02
6.264259021189276799e-01 8.660122955638053233e-01 7.414788175688794558e-01 2.390339461366474683e-01 8.332280194040693200e-01 7.467221753645986837e+01 8.176442666436897753e+02
5.689204511106891182e-01 8.005941363188552318e-01 7.168425840673984251e-01 2.399060851067653932e-01 8.469812515791061980e-01 1.104589524621852803e+02 7.712352688102919274e+02
5.749880852932884867e-01 8.051777671830618877e-01 8.021626205518236352e-01 2.231386290020407892e-01 8.291151747445745235e-01 1.110879733381044758e+02 7.783725428692110881e+02
6.082235396347457357e-01 8.113843869690802180e-01 7.139036077582765483e-01 2.362726071721527321e-01 8.597598918397140189e-01 7.588940014607172202e+01 8.013949059797655536e+02
5.465555653232820887e-01 9.202668702192934314e-01 8.336251326778781889e-01 2.191934007902447690e-01 7.693429122258725883e-01 8.480808070748884120e+01 7.528990573629818073e+02
6.100124905388455421e-01 8.565920608425077187e-01 8.166711347405218868e-01 2.421946622837893026e-01 8.725186107863505125e-01 7.089172952877987655e+01 8.058159523707910239e+02
5.752688393914552334e-01 7.950508828006717099e-01 7.142253527810817904e-01 2.520596811228311696e-01 7.758703381627217732e-01 1.268669191419949414e+02 7.767159605187140414e+02
5.619754791300423102e-01 7.590337860689899685e-01 7.462673931137535632e-01 2.153425380418471924e-01 7.641037935390363467e-01 1.180338981942039425e+02 7.647586683176072029e+02
5.317951743483508853e-01 7.746843580379234595e-01 8.120163016594588168e-01 2.337009525489404382e-01 7.736215679067419693e-01 8.985560171732561230e+01 7.388944246204210913e+02
5.822234334009727119e-01 8.516941878425362544e-01 6.970173826160243058e-01 2.271602382540038323e-01 8.577228359521330558e-01 1.175348789299330434e+02 7.831925022020359393e+02
5.312962819898625622e-01 7.714613016370920340e-01 7.042369346652284090e-01 2.344358893584543579e-01 8.186748208909691016e-01 1.113947446539912676e+02 7.382118104771798244e+02
5.716295153970367693e-01 8.547951030286347063e-01 7.050381589601999455e-01 2.151228879443799202e-01 8.358689352299117914e-01 1.272941192205386898e+02 7.747304487295871240e+02
6.421576625707252628e-01 9.207154955350727032e-01 8.287374792592928641e-01 2.396447685652685067e-01 7.392649683795292637e-01 7.635529377773208637e+01 8.326630102734562797e+02
6.341623246540177838e-01 7.795016574107938023e-01 7.082902878816296210e-01 2.226554565983373257e-01 7.352840672347731310e-01 1.174666486527322178e+02 8.247985170270541175e+02
5.642134013435082807e-01 8.954274854159631758e-01 7.430812699641223817e-01 2.508660084523210987e-01 8.256034077777114621e-01 8.137473163274977139e+01 7.659492904329454177e+02
5.839322485206310809e-01 8.127517037659462984e-01 7.393574459071331484e-01 2.417165968195642278e-01 8.621158723976847238e-01 1.283820943892434912e+02 7.863499316076023433e+02
5.598820618032124274e-01 8.037859170020040800e-01 8.015872221074969994e-01 2.416633796964126890e-01 7.274579002478853695e-01 8.167334215182731327e+01 7.612330433942156560e+02
5.781469176774722829e-01 8.610495211686830519e-01 7.412308985804435535e-01 2.497191804189228259e-01 8.358823998193504190e-01 8.785680295067501788e+01 7.782050197655297552e+02
5.703196967293503450e-01 8.603410965573364821e-01 7.922191725530081108e-01 2.143752373118587573e-01 8.756726309296690713e-01 7.333069793921292501e+01 7.716342109422142812e+02
6.250257241523405893e-01 8.748633531809660857e-01 7.551434439539178589e-01 2.072948892128514964e-01 8.401369993712826112e-01 1.186258760495708202e+02 8.209998813835966303e+02
6.453767043956220029e-01 8.758510947671288571e-01 8.291077038832171953e-01 2.120263052440277407e-01 7.482825682471866413e-01 8.704577288281650738e+01 8.360308775300434263e+02
6.271294526309384443e-01 8.736677659722327238e-01 7.527596019916747982e-01 2.398465692155315188e-01 7.456657408325639835e-01 7.275944500478209420e+01 8.169992138177493644e+02
5.668926801357150325e-01 8.493830523259650045e-01 7.999234134161841148e-01 2.225116438016356557e-01 7.581585277806759393e-01 7.810486774462913218e+01 7.675722534121792933e+02
5.823958418465532416e-01 7.612482637932207474e-01 7.616320906469346008e-01 2.102445768020921313e-01 8.728681037603795989e-01 1.285327801625364827e+02 7.850113577975910175e+02
6.101466936709898370e-01 7.645226166980931826e-01 7.285270211515314509e-01 2.487574998474786081e-01 7.611869810887457177e-01 8.277571359043017196e+01 8.022218870950130167e+02
5.691585610394532813e-01 8.140198744387705521e-01 7.328445757865706955e-01 2.370916593555208729e-01 7.788083172413488020e-01 7.826882376943913755e+01 7.677620243067209458e+02
6.297658277106991109e-01 8.503431680884973032e-01 7.316798531669601591e-01 2.101864174978912703e-01 7.263403523074072332e-01 1.262286387966720724e+02 8.228899239822022764e+02
5.990085975053787148e-01 9.023114647699475022e-01 7.017211454439393759e-01 2.516709435483692192e-01 8.193337346577836966e-01 8.146237094242302135e+01 7.943653541058919245e+02
5.478974591529029992e-01 7.766528165799631012e-01 7.603623970852624314e-01 2.132093934429951099e-01 8.727723580479045395e-01 7.769924512336160660e+01 7.512890467062386506e+02
5.635446465642208747e-01 7.969504471791295508e-01 8.251481368354436352e-01 2.527862144535697464e-01 7.434805409870738346e-01 1.180602791030655823e+02 7.686093703514768549e+02
6.206790842705023348e-01 7.774826832712420366e-01 7.518730331910142839e-01 2.112740033546824381e-01 7.401275541234241251e-01 1.179520510737057037e+02 8.145298248090617790e+02
6.427134959982643281e-01 8.284691550857657960e-01 7.008916270392665515e-01 2.127364856376317004e-01 7.852866776282505512e-01 1.190572034972284996e+02 8.332406932052799675e+02
5.690172758310672041e-01 7.565194980982506978e-01 7.610709034636941039e-01 2.116917399432284852e-01 8.358846097969511169e-01 8.485849905549925154e+01 7.692189385087461915e+02
6.303894881130248651e-01 8.967999977493246178e-01 7.898702040358377419e-01 2.403688336262075342e-01 8.081572968079339114e-01 8.763185379280200493e+01 8.237236928051639779e+02
5.579008030423853182e-01 7.775889073868696988e-01 7.143768351396940774e-01 2.235610650852254411e-01 8.763228961053576294e-01 7.539693949445731391e+01 7.584158697526077049e+02
6.433006582940907769e-01 7.800435444844145971e-01 7.846613260226571462e-01 2.394335417102806118e-01 8.080697879777932746e-01 1.285346736622830690e+02 8.367449574253998890e+02
5.602745531174121441e-01 9.192753305854213242e-01 8.110693318719338629e-01 2.187750066140330407e-01 8.710562194762453414e-01 1.292644763522389439e+02 7.693945112896715273e+02
6.422795562506756761e-01 8.564315485008228146e-01 7.139497923538730140e-01 2.238247841919079884e-01 7.780669894418384969e-01 1.225021294427187257e+02 8.337657737039767198e+02
6.052984340483543724e-01 7.784565920870737399e-01 7.955695628286180154e-01 2.090419781783820763e-01 8.572059900099950891e-01 1.165853143118389568e+02 8.044112762038337223e+02
6.136534744581298995e-01 7.612844475065729810e-01 7.905074647523268050e-01 2.394367265133203748e-01 8.130604317591101360e-01 7.699887561197108710e+01 8.069326155728934964e+02
6.201303518189534847e-01 8.119816338079967055e-01 7.072323042137075300e-01 2.076682423968330138e-01 7.379179081868307843e-01 7.576996610688141232e+01 8.091375628188609426e+02
6.160189250001066874e-01 7.784275068664314734e-01 7.284759210447280253e-01 2.197120227335599696e-01 8.521510722531636661e-01 7.057417303965979727e+01 8.071276473799628093e+02
5.681825852389202902e-01 8.103982926933732678e-01 8.213191761197125018e-01 2.445290122039324998e-01 8.430192772721247785e-01 1.168543709326526567e+02 7.740244510905642983e+02
5.784303505329797535e-01 8.574454678998026935e-01 7.576435234029890164e-01 2.384482505266188879e-01 7.243681698396433610e-01 7.901433590894210113e+01 7.760072959002828838e+02
5.813754559959374291e-01 8.923703935737269388e-01 7.244291179773835188e-01 2.238524729681002912e-01 8.759158636035642154e-01 8.249155331118809897e+01 7.806958478826051078e+02
5.770609367840732196e-01 8.288466195576350559e-01 7.011514575687897155e-01 2.411055077322133700e-01 8.581175584568043746e-01 7.895740607803055866e+01 7.751594653324430055e+02
6.361253163522492260e-01 8.254954627344242013e-01 7.122637692641957674e-01 2.211822258641401862e-01 7.268542462339495636e-01 7.039833365129626941e+01 8.222622536732121716e+02
5.389105705835194327e-01 8.859483615983324567e-01 7.598920196172839203e-01 2.369752290881262380e-01 7.525575329267052416e-01 1.194261263365568908e+02 7.470357520724232927e+02
6.426112057451669468e-01 7.822949292988975456e-01 7.478547667153778722e-01 2.343376976341897400e-01 7.662787898196714576e-01 1.234791753883578878e+02 8.341152194668680977e+02
5.990604187077476217e-01 8.935017873296765556e-01 8.222603590680810370e-01 2.522903087549190904e-01 8.324585629989511570e-01 8.041812964559898091e+01 7.976642901629932112e+02
6.144354015927023793e-01 7.980701763592866760e-01 7.418389218979234423e-01 2.125240738860192935e-01 8.685819055477560502e-01 1.152529780518635363e+02 8.110386296565302473e+02
5.432492460774137610e-01 9.145714055166100920e-01 8.422589925211637629e-01 2.526681787800891255e-01 7.437849941829408618e-01 1.218545333201059009e+02 7.534268215376640683e+02
5.439828779352373633e-01 8.726146680627949737e-01 8.158426302811746522e-01 2.345903448084667164e-01 8.284444295113974066e-01 8.990698532124753228e+01 7.513118240264932410e+02
5.642355208816826062e-01 8.844180102977501345e-01 8.063712955072043220e-01 2.077250840624008665e-01 7.536982357547260536e-01 8.646136357762782154e+01 7.666131689714358117e+02
6.075194773900725043e-01 8.496801835472176379e-01 8.147422067146685709e-01 2.448136281913552703e-01 8.298036336987504313e-01 8.398525978545244186e+01 8.044545420537160680e+02
6.014481295462280608e-01 8.946583111948940292e-01 8.131546806303983077e-01 2.339159109241219225e-01 8.199075279611236500e-01 1.232938984480489069e+02 8.030078533170225228e+02
6.018332070323975103e-01 8.537525759721532603e-01 8.292325756301553996e-01 2.205477006219433711e-01 7.260049226819277335e-01 7.288014342432862236e+01 7.969145571235419538e+02
5.793096979595443452e-01 9.004999312071925166e-01 7.619999906556008673e-01 2.340957032399495208e-01 7.895386395007385483e-01 1.261547221956042080e+02 7.826201426757037325e+02
6.323666174087361203e-01 7.564354582813030969e-01 8.268591752529500516e-01 2.251589445612821594e-01 7.708816139448918525e-01 8.054278450352911989e+01 8.233695352853703753e+02
5.386672413570732232e-01 9.147113820538974593e-01 7.505068903428783189e-01 2.215899682807363491e-01 7.650205935830950432e-01 8.439236963028218952e+01 7.438017677250289807e+02
5.617797891290717827e-01 7.641782310757476715e-01 8.257796311055345395e-01 2.169855391191073957e-01 8.104634776876065150e-01 1.189382976461791941e+02 7.676204601062688653e+02
6.454655469971989357e-01 7.912006418368556782e-01 6.990862774380195432e-01 2.331078649431170824e-01 8.119676108459573660e-01 7.798260732484327207e+01 8.318494359444282509e+02
6.086939371026607315e-01 9.191050392991170215e-01 7.593766915740065571e-01 2.453250126327110592e-01 8.718304023164117345e-01 8.708012453806362885e+01 8.057270176302199616e+02
6.444504863946851625e-01 8.605669945970826351e-01 7.235877435534655566e-01 2.225103588775058372e-01 8.236504252540829407e-01 1.201844404301748739e+02 8.364592243178393574e+02
6.238918127731991614e-01 7.910633199192479426e-01 7.101520761556587846e-01 2.189198740841800106e-01 8.594703808212569296e-01 8.732660621408794555e+01 8.155092674529319083e+02
5.745803977286592090e-01 9.126500699780605297e-01 8.293825848011538993e-01 2.252708616165554067e-01 7.915709019289698389e-01 1.122931215505096532e+02 7.794583083179854839e+02
5.715244179490056586e-01 7.843267058887734011e-01 7.259873451527324439e-01 2.499744545006856999e-01 7.787099904609129375e-01 1.252683803293263196e+02 7.736496616283735648e+02
6.155491521066793759e-01 8.162894614728711806e-01 8.263656845017376407e-01 2.199707158029726162e-01 8.670893970729511846e-01 7.565061602656811601e+01 8.106628981379626566e+02
5.421738283885946252e-01 7.572454703123255859e-01 7.385738865339532833e-01 2.078107132722958605e-01 8.149826452355962703e-01 7.637524049136482063e+01 7.445033403638940399e+02
6.001089323567068146e-01 7.898564716200375813e-01 7.309897755980697687e-01 2.192266698891081611e-01 7.559657817855467421e-01 7.194222497501291969e+01 7.924459082532946468e+02
6.305927990738476874e-01 8.797568759813959582e-01 6.980277989752792234e-01 2.449841208568215578e-01 7.881470305895229567e-01 7.865685579878922340e+01 8.199604088180590225e+02
6.435029666489874289e-01 8.852953449544667119e-01 8.015913541549704036e-01 2.437075767810370219e-01 8.153034097510608591e-01 7.434120889724862025e+01 8.336879237288010245e+02
6.294194927447386290e-01 8.804158706038693882e-01 8.237971424590491143e-01 2.350250696353429480e-01 8.193628908280150558e-01 1.120548421158450907e+02 8.260146492781315146e+02
6.403232364154110012e-01 7.565132437576486124e-01 8.055520020718799357e-01 2.484789304409849298e-01 8.168120007281716166e-01 1.295740913608367180e+02 8.348080350378668300e+02
6.282611494179518585e-01 8.065220465914355596e-01 7.009180335045828159e-01 2.325742618151429297e-01 8.672584757440436887e-01 1.235556392855968681e+02 8.225384415099345006e+02
6.240231907746208728e-01 9.065040392707598427e-01 7.459042475201249633e-01 2.373141627412605759e-01 8.489119517941329240e-01 1.218747874289813353e+02 8.208742964250748173e+02
6.182795018978323176e-01 8.280461947761776909e-01 8.462265313029755376e-01 2.381116349131596754e-01 7.254421049153502166e-01 1.177484009638354365e+02 8.155602962526044166e+02
5.758498668383265073e-01 7.577888545086290950e-01 8.137385784586239623e-01 2.160671003470470697e-01 8.323120928494183168e-01 7.751521351288252504e+01 7.756081646682081328e+02
5.442486479925975340e-01 7.931793166872479484e-01 8.156466691320851670e-01 2.524398179328797287e-01 7.846230068674423519e-01 8.297025353639278933e+01 7.493677446262643116e+02
5.339008875521505937e-01 9.068937937434164986e-01 7.826989552814803686e-01 2.213310786488902893e-01 8.785108952532851845e-01 8.158503952136739201e+01 7.420435536181921634e+02
5.327208067181368190e-01 7.995667117487562647e-01 8.091582812044424422e-01 2.384314166284122460e-01 8.555953873713499913e-01 8.122724318975082269e+01 7.403055383614200764e+02
5.731347887293725130e-01 8.212930020298198075e-01 7.868760380277968203e-01 2.347642119752823830e-01 7.705558769945179964e-01 7.781768475562451215e+01 7.724733163388052617e+02
5.442787010004426218e-01 7.826459705461510374e-01 7.943133529974039098e-01 2.112104910847385220e-01 8.217156076523731700e-01 7.488870448013605596e+01 7.480304121947025351e+02
6.472439333605843892e-01 9.164021678608783583e-01 7.368990862727969882e-01 2.187418556546653903e-01 7.753575820379534633e-01 1.277313895080303041e+02 8.395570576418029987e+02
6.120062449209465738e-01 7.676750863102326239e-01 7.359570082970439131e-01 2.193678551424329271e-01 8.331427793446926078e-01 1.252538735378758048e+02 8.087297614139666848e+02
6.483847995377897133e-01 8.605307102537663733e-01 8.436293292627283780e-01 2.159174610233618730e-01 7.582423098805222139e-01 1.280700747702815079e+02 8.425204945974292059e+02
5.797653096699442177e-01 9.077840528971631295e-01 8.295419331866318302e-01 2.391901305578968684e-01 8.108039702543000660e-01 1.127709346412569573e+02 7.842688825494940374e+02
5.970990997448291093e-01 8.891792990905449390e-01 7.361665968148990435e-01 2.376731159448054742e-01 8.624743280290466663e-01 7.518834257183283398e+01 7.933770935205791375e+02
6.111789843177275472e-01 8.665967104657852360e-01 7.949732384596824852e-01 2.331233191496161483e-01 8.566491007128177460e-01 1.242140176840733261e+02 8.111191064132140127e+02
6.167756673703670423e-01 8.112116132920431655e-01 8.423115541234924564e-01 2.183720066475600130e-01 7.802441566859183997e-01 1.203269876567658798e+02 8.149091403142842864e+02
6.395521089431692729e-01 9.189468015328239314e-01 8.418517142124187780e-01 2.446723923103573950e-01 7.205755452756525958e-01 8.609922216842466014e+01 8.316220757603224456e+02
6.345059964242313333e-01 8.254601570614346073e-01 7.907208342909181065e-01 2.242596130737886384e-01 7.624174755986696805e-01 1.127105417370027851e+02 8.278914795291962037e+02
6.245039035145037998e-01 8.916204763948788470e-01 7.227271096980861786e-01 2.125024062644917666e-01 8.418024278444159458e-01 8.905939435610314092e+01 8.173197563833056165e+02
5.683028924635442625e-01 7.986223290575366063e-01 8.284325754775896389e-01 2.229634263607680467e-01 8.091158799339271956e-01 8.666314296786755733e+01 7.707481180067335345e+02
5.677090148501031663e-01 8.519602951876342756e-01 8.197989448674176671e-01 2.086127535160280377e-01 7.607458089492679099e-01 7.548520827669646849e+01 7.684493748649289273e+02
5.840427200308161426e-01 8.977074581374506757e-01 8.088605120489396061e-01 2.356839559155211317e-01 8.464412063933237640e-01 1.296011535987194065e+02 7.890419548493994171e+02
5.669503886349774868e-01 8.874059895516910323e-01 7.864702003440063871e-01 2.398470125306108869e-01 7.640441061680586232e-01 8.893961490294302052e+01 7.690938756987357010e+02
5.413490255185241518e-01 8.931663281419149891e-01 7.946186081733634943e-01 2.137881803881016007e-01 8.438574841054992115e-01 1.296459674615156530e+02 7.521471716716600895e+02
5.665325398086435982e-01 8.768782617527104417e-01 8.185165354425859574e-01 2.210970364363203655e-01 7.404067114091870128e-01 7.236012695337529976e+01 7.670788555469281391e+02
5.719881552161417693e-01 8.019679029459314545e-01 8.074137446983783439e-01 2.332266681832250721e-01 7.846305559782901229e-01 1.205972956945971646e+02 7.760501055277751448e+02
5.776706237282502876e-01 8.161331805566921505e-01 7.832008077308961758e-01 2.201285237183659149e-01 8.618391041210087256e-01 1.122625568269047420e+02 7.808539862258863877e+02
5.452123039172740437e-01 8.232866250060245639e-01 7.207951725207462079e-01 2.109504724413145405e-01 7.672081722459976882e-01 7.368079729949290879e+01 7.462625962614312130e+02
6.072439743046018634e-01 8.651189634036764442e-01 7.239847391794308473e-01 2.269622627865745534e-01 8.437146692717609753e-01 8.168515235951655029e+01 8.017665216587100758e+02
5.590883492012184153e-01 8.257584017037715718e-01 8.169804645652476438e-01 2.084291680198602503e-01 8.544051443506740506e-01 1.181784870864251076e+02 7.663513985469594445e+02
6.011082971583900925e-01 8.290982500350629891e-01 8.265324604006998310e-01 2.506469540484371761e-01 8.731131101506138803e-01 7.080468761343489348e+01 7.982860416114458531e+02
5.310434531042911299e-01 7.956953869963279136e-01 7.882014658369451698e-01 2.110485920799263226e-01 7.206741716783375828e-01 1.190550856731512397e+02 7.393822155092658477e+02
5.584872011976922401e-01 8.592753382718841815e-01 7.801980271150568136e-01 2.232789636852752779e-01 7.479239954076259966e-01 1.185340390117440847e+02 7.636590821673052005e+02
5.790260900304047276e-01 7.730846278589567078e-01 7.111535922710577884e-01 2.220244093279909181e-01 7.537289720270718973e-01 8.491053522026260225e+01 7.753246328230818563e+02
5.321607864790959264e-01 8.556196737723268386e-01 7.877689208507187013e-01 2.376317779574510791e-01 7.374220328389902157e-01 7.520015002973642027e+01 7.372688371082832646e+02
5.899999999999999689e-01 8.399999999999999689e-01 7.700000000000000178e-01 2.300000000000000100e-01 8.000000000000000444e-01 1.000000000000000000e+02 7.892623525161129692e+02
5.822211586639722825e-01 9.104855785848292582e-01 8.100778269934215681e-01 2.529400915658115978e-01 7.825514667357919008e-01 1.265178651152628220e+02 7.865650920692029331e+02
6.020330009606185140e-01 9.002305905627798754e-01 8.389965154494172239e-01 2.364054644581977116e-01 7.739751828691021629e-01 1.242359286037873147e+02 8.036178508065997903e+02
5.441009241090725146e-01 9.045285188378774377e-01 7.834093209764069199e-01 2.506422509406298071e-01 8.270486305605440069e-01 1.157304273350644621e+02 7.532962172467512119e+02
6.044459274468627630e-01 8.849121183010418834e-01 7.370528979223719412e-01 2.466480735626544185e-01 7.742584135685642854e-01 1.109471273983918138e+02 8.018001629738959082e+02
5.817781949945284303e-01 7.737733330033449430e-01 7.369523559687582992e-01 2.079878861103967025e-01 8.487920007801255107e-01 7.734977416660152016e+01 7.789234754931651423e+02
6.164032166808399715e-01 7.811944109758190979e-01 7.919499845091381163e-01 2.490271829406140169e-01 7.220762626791034089e-01 7.222762402461978581e+01 8.075626791495398038e+02
6.180980019170587703e-01 8.873672790204824024e-01 7.355935557360984145e-01 2.118328030553089103e-01 7.447320686719502980e-01 1.176548445901490965e+02 8.131628038458319452e+02
6.460779081650046551e-01 8.795536196486293257e-01 7.978293946115954105e-01 2.099535861342481380e-01 8.685352222262894273e-01 1.147547788488047615e+02 8.402503586508589706e+02
6.113278917670651458e-01 7.954775419796663583e-01 8.283322710402768463e-01 2.226298885823942975e-01 8.604301805669513081e-01 1.282530942144712469e+02 8.116323037882232256e+02
5.358430970687027006e-01 9.126503539107381213e-01 7.180193820093577761e-01 2.084182933189608067e-01 8.126479237829317137e-01 8.755129076349246020e+01 7.414960458799250773e+02
5.437516389169669839e-01 9.212003134568624851e-01 7.160742405332219951e-01 2.323985069328708963e-01 8.689304934831219018e-01 7.570679391889059673e+01 7.480186098007238797e+02
5.718936767607508687e-01 8.544589128980164539e-01 7.344558136127481429e-01 2.080811249960068388e-01 7.622099726720192869e-01 1.133225885029090136e+02 7.734500938656362905e+02
5.760366275088002475e-01 7.907410772386418429e-01 7.150630266739748109e-01 2.461237258678580231e-01 8.693243296841363099e-01 7.235437148554521514e+01 7.736692422046518232e+02
5.386354789873060156e-01 8.032698123728505557e-01 6.974639249344427583e-01 2.449886695047816254e-01 7.899224521673227084e-01 8.769897467581571959e+01 7.420529215099313660e+02
5.987750440528818441e-01 7.607271373923557567e-01 7.091466308116355366e-01 2.104553375518015690e-01 8.322899006025579194e-01 8.687833131027845468e+01 7.932747444558925736e+02
5.639622834042948840e-01 8.277689190866920343e-01 7.090809841504605027e-01 2.231046880908720276e-01 8.097553633078424795e-01 7.330107319108468289e+01 7.626452161218494439e+02
5.716075149935455624e-01 7.725220574115093664e-01 7.475097086839875837e-01 2.209112378592205383e-01 7.837668567357772842e-01 1.287440316845751056e+02 7.742694663305838958e+02
6.256110475192928622e-01 7.638142362233147908e-01 7.042244501981396176e-01 2.400114653831434686e-01 7.748418983521030423e-01 1.163277970547920290e+02 8.179390642895808696e+02
6.420628947360719208e-01 7.958577620681964726e-01 8.224272255716731372e-01 2.145263858915123223e-01 7.508134844607604608e-01 8.769514754814517232e+01 8.322854342845375868e+02
5.697266653099243294e-01 8.637400415655009933e-01 7.364391094760677214e-01 2.095898171911805830e-01 8.352522358053876550e-01 8.065371096077157631e+01 7.698451535327242254e+02
5.773586916753520315e-01 8.270714182476492926e-01 7.292433195260210610e-01 2.237864040641665830e-01 7.649894560742622751e-01 1.227862649553481020e+02 7.785495050694297561e+02
5.690835460954797309e-01 8.288276220303997244e-01 7.080276977554115225e-01 2.512904397502777054e-01 8.401213659901488606e-01 1.208227886144014462e+02 7.722455261641363222e+02
5.420300930141209728e-01 7.837397484548894733e-01 8.219085078734629235e-01 2.448948722510188025e-01 7.378766648740847645e-01 8.633190823988934426e+01 7.471033521963045132e+02
6.395216645875900774e-01 8.864627827084399225e-01 7.091438168523453989e-01 2.121122289994540333e-01 7.483509482226037290e-01 7.901784765667372312e+01 8.270569615330324496e+02
6.298055477040023220e-01 7.807294897733900729e-01 7.525556913128604863e-01 2.427579507366575962e-01 7.640789259832235780e-01 8.328756303872643230e+01 8.197938002460817870e+02
6.248632725820488787e-01 8.569092825024334781e-01 7.957077017529533558e-01 2.178498801857621792e-01 7.838384258812161054e-01 1.191886366194783307e+02 8.209865267402003610e+02
5.754638816389162637e-01 9.155089454620362055e-01 7.565617847126551165e-01 2.375463661434025764e-01 7.569647310105334093e-01 8.104311951895466848e+01 7.748438003812832449e+02
5.962742992925591512e-01 8.228354344806502185e-01 8.216983726393801701e-01 2.127802914887047259e-01 7.335955067745921765e-01 1.255077845065530511e+02 7.966681328272027258e+02
5.562912138330706746e-01 8.874368360120816757e-01 7.573852425384048903e-01 2.332528425368833869e-01 7.357287531689263860e-01 1.202079192175845890e+02 7.615010772685010352e+02
5.416413859399634712e-01 8.901499649802361303e-01 7.805909170008843434e-01 2.081042328956775600e-01 8.705745491691384563e-01 7.439218806303945541e+01 7.472995941874008849e+02
6.213026494179831882e-01 8.107526108606708526e-01 7.853489467490436526e-01 2.117631523367539681e-01 7.911452772880327444e-01 1.158003884944762092e+02 8.169813421532171560e+02
5.535219060912036637e-01 8.604656611104718467e-01 7.257060623611651939e-01 2.221199448256377385e-01 7.233532665566568820e-01 1.158248144925954080e+02 7.573720824463395047e+02
5.452555833293016851e-01 9.082463372941323998e-01 8.100340263279571795e-01 2.230379518822886986e-01 8.346064137938002947e-01 7.103827380328030472e+01 7.504853178142190018e+02
5.563133705149266861e-01 9.082031508279043708e-01 7.796225905861965400e-01 2.411876905849973940e-01 7.541259112215009663e-01 1.273101437524595383e+02 7.632300879714833854e+02
5.449134468712812929e-01 7.816907168756381807e-01 7.123135709108782132e-01 2.089227245823654933e-01 7.495416825153743412e-01 1.114950753120903642e+02 7.488013513164473807e+02
5.762685228629259582e-01 8.237847249265907168e-01 7.520849388571371197e-01 2.344185078072261730e-01 8.234797616472011583e-01 8.769780399316682917e+01 7.761560410874240006e+02
6.015814650567371524e-01 7.704220372362410307e-01 8.186603846736963952e-01 2.243503040746767652e-01 7.759316186051202768e-01 7.009386128360246460e+01 7.959724771554275549e+02
5.333197466870285286e-01 9.204491103293478416e-01 8.137026907883515570e-01 2.268842876947762821e-01 7.610404445864271672e-01 1.140744753661270465e+02 7.437584098155293759e+02
5.618461194161061822e-01 8.113884800586480539e-01 7.783191347475600930e-01 2.327813279547440717e-01 8.272246742939484143e-01 8.473865758018600047e+01 7.642171564047857828e+02
5.749366610574442316e-01 7.572443251185255741e-01 7.284860237232745339e-01 2.457102260068187438e-01 8.142438426282183617e-01 8.640225365723728146e+01 7.734629977406199259e+02
6.206581428417554669e-01 8.160305854000285963e-01 8.413217142362698908e-01 2.389690219148223604e-01 7.785809541712038762e-01 8.197154208340454318e+01 8.148691111658043837e+02
6.253053960138945655e-01 7.888395981990772299e-01 8.277126782284859319e-01 2.243815321806958141e-01 7.243449722867791873e-01 8.771676153980769186e+01 8.177814178148693145e+02
6.149237515508063634e-01 8.311178809859700589e-01 7.844234097239443093e-01 2.489359727589644522e-01 7.351090175231815849e-01 7.944073229455757712e+01 8.077284864151961301e+02
6.217737629034036928e-01 8.558582377555553622e-01 8.446394310146557727e-01 2.403244006216936901e-01 7.247181211387827560e-01 1.297351356763664114e+02 8.196802774342869498e+02
6.334869124312589861e-01 8.018444427471650426e-01 8.360545720706317185e-01 2.462384858862187720e-01 8.628935489658359215e-01 8.966891752309453523e+01 8.276881886242981636e+02
6.426837681806578662e-01 8.949895660023269306e-01 7.369418528327894569e-01 2.391857463029289088e-01 7.597965866220857123e-01 8.420589677111838967e+01 8.315656109225515138e+02
6.301386542182122463e-01 9.092755214461534230e-01 8.345767551890960201e-01 2.173276625320561817e-01 7.883728069276887407e-01 1.290680264477275614e+02 8.278854513418754095e+02
5.503573839929490896e-01 9.001778817366692387e-01 6.965994305106606443e-01 2.399682893324963373e-01 8.207002229873884280e-01 8.685413912935378278e+01 7.534114636526653612e+02
6.168009965684352336e-01 8.929984320522992292e-01 7.455958638851956088e-01 2.263725295913179003e-01 8.121912951745747788e-01 8.597070703104549239e+01 8.107278711067631320e+02
5.606988890031974204e-01 7.716946174632385302e-01 7.541949401101234463e-01 2.415756231156188372e-01 8.358069683556247353e-01 1.210874953733610795e+02 7.656182151526804773e+02
6.485148693974286394e-01 7.840840429262923017e-01 8.359576717439876070e-01 2.513616803766581809e-01 7.722596043852658632e-01 8.877885595212399039e+01 8.387488057850526957e+02
5.670570872625708692e-01 7.989549790660817052e-01 7.348132290755468032e-01 2.245843088078097183e-01 7.729864792245986216e-01 7.810506866277950166e+01 7.656530032838463740e+02
6.373131484684161352e-01 8.067705079408237223e-01 7.929440264394240767e-01 2.247409181649205334e-01 8.128279705640399921e-01 8.839434407353401468e+01 8.287232687688364194e+02
6.349948798890067136e-01 7.721094047222479828e-01 7.079418611657336546e-01 2.455729245633099245e-01 8.547156764651316907e-01 1.208437255431142319e+02 8.277673796882813804e+02
5.582129820367018880e-01 9.097394918719821089e-01 7.189830699315479245e-01 2.446843703145549498e-01 7.722896410500514897e-01 8.375840494856504392e+01 7.597225571470382874e+02
5.960192449180486962e-01 8.220436102141388535e-01 8.055280405225719864e-01 2.134016153744464905e-01 7.326870189947795042e-01 1.243033973696522736e+02 7.959087764560043752e+02
5.409934018428111946e-01 8.014693861055532942e-01 8.440852787940169577e-01 2.444345348711456090e-01 7.701219036514594940e-01 8.974979305007394714e+01 7.478833457651197705e+02
6.013610031735684425e-01 9.100469965684561124e-01 8.221241829068894891e-01 2.507598765747467429e-01 8.710037242455315187e-01 7.981285326361644650e+01 8.003313822858827962e+02
6.341134278451683315e-01 8.757252966188983079e-01 8.295824533738545004e-01 2.403196226894706578e-01 7.625789845747706908e-01 7.121063148797331621e+01 8.251036195735796355e+02
5.755876549877712023e-01 7.878489860651876064e-01 7.401849806348230754e-01 2.459352306167453817e-01 8.284760289750519036e-01 7.074698022842264322e+01 7.730745692826513960e+02
6.468852797380402198e-01 8.181144353263846147e-01 8.275920346095202440e-01 2.144312318914800009e-01 7.885034436513435052e-01 1.119376243046380921e+02 8.395922014851645372e+02
6.409416530405910306e-01 8.704917200999134907e-01 7.007759667961031003e-01 2.347161084860128200e-01 7.729700767322267296e-01 8.230014361017384772e+01 8.288068385215688068e+02
5.584244647893773505e-01 8.656487959226816242e-01 8.096537573138758992e-01 2.454968777674964298e-01 8.679769950804701040e-01 8.116299971513501532e+01 7.631156381543767111e+02
5.761531804242402410e-01 8.188601591571855742e-01 8.441402662657228051e-01 2.118360480380877542e-01 7.386400982324338171e-01 8.347232572507223836e+01 7.765009743879468260e+02
5.549154643196729797e-01 8.792015989485953975e-01 7.524433974815532000e-01 2.107770057998538948e-01 8.188835668534274470e-01 8.239903740527385878e+01 7.578154890632613387e+02
5.663757778756770556e-01 8.600222673200419443e-01 8.058294328626188774e-01 2.189101297261353551e-01 7.368793939770765800e-01 8.661969599964919553e+01 7.679843286609587949e+02
5.674987239682273144e-01 8.818349839319353789e-01 8.181596714292865835e-01 2.407484990663885105e-01 7.310235802236612068e-01 1.225642549520174924e+02 7.727572708138008011e+02
6.382666002212260548e-01 8.224872214113738700e-01 6.988648758774100855e-01 2.404854561926044743e-01 8.202637471920289913e-01 1.219542937264701692e+02 8.303456497964883738e+02
6.339575593980456558e-01 8.267736297990565530e-01 8.408194509340436440e-01 2.371222220363971012e-01 7.443233885059683530e-01 1.147555319967010377e+02 8.287703537843116237e+02
5.822408917052984689e-01 8.537126372253645012e-01 8.387651769133132040e-01 2.337641078252863103e-01 8.533066758612228853e-01 1.132302534295798893e+02 7.866986001026641588e+02
6.264211857078331169e-01 9.169227087591258485e-01 8.469080698361647341e-01 2.179825937678794845e-01 7.469165905500717573e-01 1.105673866749394136e+02 8.230773010060227080e+02
5.311093727225331129e-01 7.747478056125700618e-01 7.365000388353488692e-01 2.130930097779302201e-01 7.642288946015236561e-01 8.841439297491768912e+01 7.358113256201652348e+02
6.376017384471525107e-01 7.903336643335663325e-01 7.470159356020198427e-01 2.509333475595899587e-01 8.365501986874636087e-01 7.849897002590438433e+01 8.270537421139101752e+02
6.229897628396674492e-01 8.169011812767467129e-01 8.050838660648180767e-01 2.376494925091825472e-01 8.324072151551989984e-01 7.787615828900015913e+01 8.162630448301817978e+02
5.384795657351647558e-01 7.705500098142735732e-01 7.470301255643375660e-01 2.166022938754917637e-01 7.537695155326636920e-01 7.127364380790092468e+01 7.402020061317451791e+02
5.381716196049365353e-01 7.689429715258373488e-01 8.019623125410827447e-01 2.196211487535718043e-01 8.415006551730775941e-01 1.112927073285744939e+02 7.468981932116745384e+02
6.394758309177527300e-01 7.972717146595023063e-01 7.183890717500498457e-01 2.468218898926619331e-01 7.261112914316656397e-01 8.721523383571116028e+01 8.271086218859818473e+02
6.042353189475471176e-01 9.218515246592953183e-01 8.189987253063203410e-01 2.258427711472631438e-01 8.295912973889072450e-01 1.122372548367116849e+02 8.050645513389532653e+02
5.722378911945363855e-01 8.303024362083334386e-01 8.243238997248244493e-01 2.325231957616273881e-01 8.611009969656160390e-01 1.218200128351338094e+02 7.783402872080686166e+02
5.397359125405791769e-01 8.731090788782241985e-01 8.427927929275031982e-01 2.105833428944500763e-01 7.880427330003682007e-01 7.435418696924594428e+01 7.458685120233981252e+02
6.362133905859306271e-01 7.569238448517628948e-01 7.915325704576581245e-01 2.526744824303062686e-01 7.802411676082010583e-01 7.347839756356141550e+01 8.252196705675447674e+02
5.971577487317012434e-01 8.940995195930828698e-01 7.556955795696170819e-01 2.081149590484344114e-01 8.350659246782857759e-01 1.109784351744981734e+02 7.968841415543928406e+02
5.314064510502058969e-01 9.122964779051223605e-01 8.333393742728462117e-01 2.131003169121898633e-01 8.327758048783511224e-01 8.457698600742131134e+01 7.408833655285840223e+02
6.107490264871213714e-01 8.911314768359739347e-01 7.158363437749623026e-01 2.336765685745772203e-01 7.317664701094556134e-01 1.219495473455446444e+02 8.067257636463958761e+02
6.082412455851385902e-01 8.075586216090513414e-01 7.897507262965410835e-01 2.498904487564111154e-01 7.269286150191385243e-01 1.274291722060943357e+02 8.061262119956762717e+02
6.430107385462102698e-01 8.670011271322588531e-01 8.312745272328180279e-01 2.124482243737782217e-01 7.719520821911868280e-01 8.034263624257805247e+01 8.336345809218759086e+02
5.409413941861047626e-01 7.764776400652475541e-01 7.482137674443894992e-01 2.427247159936921639e-01 7.684079163566661652e-01 1.213525444603551904e+02 7.476859729550468501e+02
5.968535852319977186e-01 7.698476174549095941e-01 8.234804529967502118e-01 2.149245170764874646e-01 8.172809270478061938e-01 1.149026191012990523e+02 7.971761618615453244e+02
6.405526537122736563e-01 7.877185205569458004e-01 8.103441917635180181e-01 2.461873717797578576e-01 7.730130422937955270e-01 7.461762286661823396e+01 8.297231296693760214e+02
5.371511699614084367e-01 8.770379999627624379e-01 7.931574171461668321e-01 2.125042343763501873e-01 8.522673548291253010e-01 1.177744415892477576e+02 7.476147477573257447e+02
5.961358604386340909e-01 7.718367421069926015e-01 7.276236107043074774e-01 2.476825858346387021e-01 7.912044774217994458e-01 1.145350016301447482e+02 7.938161747593379687e+02
5.477848845816137846e-01 8.691704254227841098e-01 8.398575529119935990e-01 2.176140698489450465e-01 8.185055075360561094e-01 1.293180416644655395e+02 7.581705903172655781e+02
5.519627491574869982e-01 8.729350967970757047e-01 7.059444502268000798e-01 2.165789349389930507e-01 8.396890654053342784e-01 8.727474374634127230e+01 7.548878295265287761e+02
6.373127811985984659e-01 7.909794770975918654e-01 7.942314950614246527e-01 2.159641124135963097e-01 7.348168122562949156e-01 8.769605717943834122e+01 8.271932916896846564e+02
6.166789727979558045e-01 8.489429762909880273e-01 7.084058331546273513e-01 2.508324919553791554e-01 8.390708848324407443e-01 1.147848972323503887e+02 8.123975044933135905e+02
6.182808102325284549e-01 7.968589261890490771e-01 8.382696923621631990e-01 2.177133926032208677e-01 7.688624644426960142e-01 1.220353918963560744e+02 8.158611986604928461e+02
5.513901717928084700e-01 8.305903482486302059e-01 8.278622956202519312e-01 2.276352427942371914e-01 8.568438087700220862e-01 1.136604272118877361e+02 7.599997620290612304e+02
6.380450260305068344e-01 7.967460410408808702e-01 8.149083554783901340e-01 2.110325953558607748e-01 7.841546501194982532e-01 1.270653886006882090e+02 8.325686194789309411e+02
6.368096992780843957e-01 7.872895803010176996e-01 8.281611671442216105e-01 2.455919449692583190e-01 8.500499594138123394e-01 1.269172174826639719e+02 8.330937903941889999e+02
6.292946365777770668e-01 9.192964427581867826e-01 7.850644606965470063e-01 2.276248350071196913e-01 7.206328980669294282e-01 7.731894583684876920e+01 8.202676297380604638e+02
5.472981352336910854e-01 8.083639321211846251e-01 7.354506016148971703e-01 2.182529266603277784e-01 8.542242985486940832e-01 1.252707614951135326e+02 7.545560950822899713e+02
6.260857831336509305e-01 7.904661111206980895e-01 8.149761210595655170e-01 2.099821700265621649e-01 7.674840060725346413e-01 7.903995231350504014e+01 8.177430464056620849e+02
5.693213915218452437e-01 9.197457770204073846e-01 8.162948796539041263e-01 2.435991710351172457e-01 7.425639755683085541e-01 1.110375826070281420e+02 7.739780661558850170e+02
5.676340579395472430e-01 7.726525028240467385e-01 7.364120656261616826e-01 2.462487472161394020e-01 8.658470950509110642e-01 1.124558088426813498e+02 7.708801342737480127e+02
5.310739760653302444e-01 8.615464301321613672e-01 8.313396610982829449e-01 2.109633453691520388e-01 7.827195408726997927e-01 8.546329419760495227e+01 7.392659313975723308e+02
5.833234979767384365e-01 7.717146839405286673e-01 8.162696858165405800e-01 2.387621270997952183e-01 8.346758761692758544e-01 1.252253783457152849e+02 7.867685957768757135e+02
