6.443142195172851805e-01 8.353751248862880630e+02
5.699760085074010441e-01 7.722619837388964470e+02
6.316722356349104839e-01 8.246420805701519612e+02
6.191982155331546833e-01 8.140516375037612988e+02
5.653959414282105911e-01 7.683735067886638035e+02
6.176256210842190342e-01 8.127165048166149290e+02
6.443258959799558205e-01 8.353850382030955188e+02
6.020733095313770544e-01 7.995125923082521240e+02
5.899999999999999689e-01 7.892623525161129692e+02
5.800742952030539801e-01 7.808354291435058485e+02
5.672314888169472935e-01 7.699318865217012444e+02
5.787608662053262965e-01 7.797203279244350824e+02
5.724565471759894830e-01 7.743679610685280750e+02
6.393193430552226442e-01 8.311344747699970412e+02
6.426104648304103995e-01 8.339286371571314476e+02
5.717774404752627992e-01 7.737913994796111865e+02
5.991300323469084255e-01 7.970137499786382023e+02
5.807872635196543731e-01 7.814407392442996070e+02
5.782052863619933092e-01 7.792486406374453054e+02
5.666889188821824241e-01 7.694712446470858822e+02
5.606593073794572391e-01 7.643521044812722494e+02
5.627362814148131331e-01 7.661154554372893699e+02
5.669071886436454211e-01 7.696565556745680396e+02
5.556663815566108555e-01 7.601131104576755888e+02
6.210813706832865044e-01 8.156504362262232917e+02
5.607631746879190304e-01 7.644402878261562364e+02
5.604603909210281731e-01 7.641832244080659393e+02
6.113371195854836460e-01 8.073775670441885950e+02
5.604500646541231701e-01 7.641744574074635921e+02
5.701288949056796396e-01 7.723917842910350373e+02
6.398921890551275693e-01 8.316208210239162781e+02
6.154813962629891444e-01 8.108960579433908151e+02
5.525433401314934212e-01 7.574616482877509043e+02
6.347695955662850942e-01 8.272717391518890508e+02
6.074081133171658209e-01 8.040418407223868371e+02
5.656556442951206076e-01 7.685939945226704140e+02
5.746670236121984576e-01 7.762446555628695251e+02
6.018460191249739299e-01 7.993196227532158673e+02
6.217182987125389193e-01 8.161911881230585095e+02
6.248942739011996705e-01 8.188875910582314646e+02
5.564251187734663429e-01 7.607572783547858535e+02
5.589952341847103101e-01 7.629393063389320560e+02
6.210319368275014629e-01 8.156084668826617872e+02
6.011959511129714162e-01 7.987677150110257571e+02
6.024390093728910767e-01 7.998230714736974960e+02
5.815145471911273845e-01 7.820582030813801566e+02
6.124961649570973554e-01 8.083615965646886252e+02
5.978575778091639314e-01 7.959334360760932441e+02
6.310399672375568425e-01 8.241052847007987339e+02
6.182127671519678236e-01 8.132149918281336340e+02
5.838319600460504244e-01 7.840256865952097769e+02
6.009613252408370077e-01 7.985685176455835972e+02
5.347982534465889337e-01 7.423960696922670195e+02
5.466189492233463065e-01 7.524318404067340680e+02
5.655769713604922311e-01 7.685272012011708966e+02
5.337912443111249017e-01 7.415411189362580444e+02
5.813859047343361564e-01 7.819489856355643269e+02
6.209477664974130118e-01 8.155370062724166473e+02
6.326406688784889099e-01 8.254642803939500482e+02
5.376500911252619641e-01 7.448172798814604221e+02
6.319471651999633011e-01 8.248754957708817983e+02
5.519731423469098619e-01 7.569775503686395268e+02
5.416717788427217739e-01 7.482316927535838431e+02
5.676001924116325092e-01 7.702449158735889796e+02
5.398391909268300815e-01 7.466758256129917299e+02
5.810456182128874714e-01 7.816600823788544403e+02
6.032759084287929729e-01 8.005335987721582569e+02
6.009522274127241381e-01 7.985607935895158107e+02
6.161790102648646572e-01 8.114883322309831328e+02
6.118661189304688275e-01 8.078266874880810064e+02
6.369638677340634381e-01 8.291346762223328142e+02
5.587153863102545248e-01 7.627017154935191456e+02
6.061842685370169015e-01 8.030027965040403615e+02
5.515612508423777260e-01 7.566278544812917062e+02
6.390098322570096911e-01 8.308717001023142075e+02
6.363011070065994756e-01 8.285719923647159249e+02
5.604719126981267951e-01 7.641930063968226250e+02
6.489732851361378341e-01 8.393306715966940601e+02
6.201845536686884097e-01 8.148890385808294923e+02
6.006261525759767350e-01 7.982839560531173220e+02
6.333949596823706951e-01 8.261046732864457454e+02
6.038199884811571438e-01 8.009955227366153849e+02
6.019695956646596846e-01 7.994245392354090427e+02
5.331087698903211880e-01 7.409616981529956092e+02
6.185409427992127895e-01 8.134936129526446393e+02
6.423283233652613555e-01 8.336890990532199339e+02
5.790719631484636531e-01 7.799844492291587130e+02
5.711275486862197326e-01 7.732396413507135549e+02
5.559281629004005909e-01 7.603353628185531079e+02
5.803022689600905171e-01 7.810289788632297814e+02
5.799259110251815397e-01 7.807094509764921213e+02
6.358883223404293572e-01 8.282215381831375680e+02
5.401897658775627331e-01 7.469734637461637021e+02
6.357769335569253277e-01 8.281269691059426350e+02
6.030004671088869950e-01 8.002997490915580556e+02
5.369617138333596662e-01 7.442328475606353777e+02
6.220091340140416758e-01 8.164381072940343529e+02
6.253935064904007080e-01 8.193114395264632321e+02
6.443870343247027899e-01 8.354369446577857161e+02
6.060439705595985771e-01 8.028836835212122196e+02
5.435540542044609014e-01 7.498297445357003426e+02
6.252829821939474009e-01 8.192176043987743697e+02
6.296723927297450674e-01 8.229442139436665684e+02
6.376480512091720065e-01 8.297155479927000670e+02
5.725723020556071630e-01 7.744662369613234887e+02
6.140991130407729148e-01 8.097224994877292374e+02
5.477770396860962565e-01 7.534150592096087848e+02
5.323039795259935092e-01 7.402784311336814653e+02
6.462682233147676314e-01 8.370340741103507298e+02
5.750693610985435633e-01 7.765862400887764352e+02
5.386761049065476037e-01 7.456883655817719045e+02
6.123275465771950143e-01 8.082184395601515234e+02
5.704711295901625512e-01 7.726823415381610403e+02
6.176934195623640100e-01 8.127740657245600460e+02
6.205135164868816888e-01 8.151683280134755023e+02
5.319075927836165452e-01 7.399418987894034672e+02
5.416078370933894437e-01 7.481774062084006118e+02
6.245906155148510663e-01 8.186297850882215243e+02
5.351765600690228109e-01 7.427172520147133810e+02
5.647404553177527431e-01 7.678169990808850116e+02
5.717900488016399718e-01 7.738021039487053940e+02
6.478372129890616060e-01 8.383661463438263581e+02
6.487836226004107809e-01 8.391696481038617321e+02
5.532525630500991776e-01 7.580637785456472102e+02
5.419477283592752936e-01 7.484659738931377433e+02
5.402805075170299398e-01 7.470505033980714416e+02
6.188452314507987273e-01 8.137519540178411717e+02
6.398854004999110501e-01 8.316150575405374639e+02
6.035510577440175162e-01 8.007672005407838469e+02
6.404279164061041918e-01 8.320756535448954310e+02
5.399188237785066402e-01 7.467434339040651139e+02
6.097360772407404150e-01 8.060182820935016252e+02
6.079769687560744318e-01 8.045247989900201446e+02
5.679078030941534516e-01 7.705060773430492418e+02
5.700890593266612072e-01 7.723579638844483952e+02
5.728037118405354677e-01 7.746627038687275899e+02
5.313363278727319949e-01 7.394568948800624639e+02
6.470626783202292343e-01 8.377085664099876112e+02
6.014230116870477039e-01 7.989604894384165164e+02
5.744014184167675063e-01 7.760191567519485716e+02
5.714693409682968239e-01 7.735298229981970053e+02
6.156442211345729554e-01 8.110342962593654192e+02
6.058442219571098519e-01 8.027140969576992120e+02
6.208006072645892992e-01 8.154120680837493182e+02
5.777684969661680547e-01 7.788778064403896906e+02
6.361221030396344567e-01 8.284200179967626809e+02
6.210049728966117177e-01 8.155855745053363535e+02
6.351090101397857124e-01 8.275599021247910514e+02
5.480928271407820018e-01 7.536831627586369677e+02
5.367033961683852494e-01 7.440135358630720930e+02
6.124806809253597883e-01 8.083484506217434955e+02
5.719128234219998941e-01 7.739063396013908687e+02
5.449430878706444936e-01 7.510090341182901739e+02
6.185499971909161898e-01 8.135013001312008782e+02
6.199323769371763992e-01 8.146749405357758178e+02
5.395968446986328937e-01 7.464700736652522437e+02
5.690074940773052203e-01 7.714397149877451056e+02
5.354596858143256810e-01 7.429576257724755806e+02
6.299426099603994134e-01 8.231736283724920895e+02
6.056151057499808976e-01 8.025195772978468085e+02
5.684503472444623062e-01 7.709666973266615742e+02
6.147580414608858623e-01 8.102819297164051022e+02
5.593035538613237989e-01 7.632010697443769232e+02
6.146468506331785875e-01 8.101875287036816644e+02
5.401941159132971348e-01 7.469771569265022890e+02
5.725704667603750408e-01 7.744646787956713752e+02
6.487212469271154136e-01 8.391166911572339586e+02
5.482971394224066541e-01 7.538566238857362123e+02
6.004810430498566109e-01 7.981607580654412004e+02
6.088161724664568064e-01 8.052372829401348326e+02
5.627090143641126918e-01 7.660923057112446486e+02
6.087412186116780699e-01 8.051736471174276630e+02
5.447358742694121680e-01 7.508331097708438620e+02
5.694807615889164731e-01 7.718415191051030888e+02
5.630136919403251339e-01 7.663509769734490646e+02
6.176785671857309978e-01 8.127614560567985791e+02
6.120243529283038164e-01 8.079610281522429887e+02
5.722851930535723941e-01 7.742224814185959758e+02
5.741135082296646708e-01 7.757747210030983069e+02
6.466603973427400565e-01 8.373670298600993647e+02
5.960192612063359707e-01 7.943727052802922799e+02
5.617004657577254756e-01 7.652360479444220118e+02
6.070949218976552375e-01 8.037759412072223313e+02
5.828544851200244681e-01 7.831958103830137361e+02
6.393113946649908730e-01 8.311277265866903008e+02
6.448188888549419850e-01 8.358035891539587965e+02
6.196708018083078029e-01 8.144528632513663524e+02
5.824585616509131425e-01 7.828596713577381934e+02
6.120608066367480005e-01 8.079919773507120908e+02
5.379100586588806410e-01 7.450379923175026988e+02
5.766905380474431908e-01 7.779626193183922851e+02
5.596740079080989583e-01 7.635155852300889592e+02
6.266051642730078308e-01 8.203401369838966275e+02
5.810791205202496812e-01 7.816885258378050594e+02
5.512695191214022072e-01 7.563801742501834724e+02
6.080276028914296527e-01 8.045677873709367987e+02
6.309668769506232566e-01 8.240432310471921937e+02
5.753419024320903796e-01 7.768176276809577985e+02
5.974611092503443466e-01 7.955968342696553464e+02
5.592098689318787397e-01 7.631215312392780561e+02
5.762664372763313114e-01 7.776025577637182096e+02
5.546978039441550212e-01 7.592907880647006778e+02
5.987468500274820693e-01 7.966884281894452897e+02
5.515473293328176929e-01 7.566160351196753027e+02
5.359911391281062532e-01 7.434088296358752359e+02
5.426474616467219514e-01 7.490600474541798803e+02
5.518641816041698345e-01 7.568850426980532120e+02
5.576359942620999766e-01 7.617853116446359536e+02
5.541860753586197452e-01 7.588563304955811191e+02
5.348036816819147221e-01 7.424006782640586835e+02
5.494930170820514492e-01 7.548719240187746209e+02
6.065687353157561690e-01 8.033292087991900416e+02
5.764569474242946523e-01 7.777643008793392028e+02
6.120066656651106385e-01 8.079460116657919571e+02
5.322019935811193037e-01 7.401918450664833244e+02
5.673206738302943863e-01 7.700076045980329127e+02
5.628682643419669063e-01 7.662275089424429098e+02
6.349854346014489614e-01 8.274549864927431599e+02
5.611339974581446288e-01 7.647551163580777711e+02
5.801439025906189872e-01 7.808945258155484908e+02
5.579621499640663451e-01 7.620622178356053382e+02
5.605746583242455783e-01 7.642802374333974740e+02
5.441067147697755679e-01 7.502989533556525430e+02
6.180602218349950938e-01 8.130854808540237855e+02
5.986207739652571469e-01 7.965813896126163627e+02
5.622760718615694708e-01 7.657247375265854998e+02
6.083795685004531606e-01 8.048666061729977628e+02
6.020216424173818748e-01 7.994687269284702325e+02
5.674098253406352210e-01 7.700832942303122763e+02
6.208149220799789036e-01 8.154242213620151460e+02
5.626943287395616000e-01 7.660798376160008729e+02
5.733078764934261828e-01 7.750907396590317830e+02
5.399887560920568763e-01 7.468028064382692719e+02
5.724875940328885138e-01 7.743943198500353446e+02
5.435363628303924166e-01 7.498147245591161436e+02
6.422110219515574370e-01 8.335895101529852127e+02
6.178225434702382390e-01 8.128836919223452924e+02
5.656914544152906732e-01 7.686243973146947610e+02
5.394965509349426425e-01 7.463849242598793126e+02
5.602924209073798512e-01 7.640406178664785557e+02
6.222631219625947008e-01 8.166537430623559430e+02
6.331862811924595658e-01 8.259275052485111246e+02
6.433942335512317090e-01 8.345940568011087635e+02
6.472244358372736261e-01 8.378458985419582632e+02
5.450258204454953015e-01 7.510792740743385139e+02
6.354328133964255443e-01 8.278348110896782828e+02
5.752624075305066143e-01 7.767501365095131405e+02
5.541338917818967591e-01 7.588120266389433937e+02
6.154556374391197959e-01 8.108741887019257319e+02
6.083016906906542065e-01 8.048004879124783884e+02
