4.738265032693637080e-01 2.092057679566282502e+02
6.245980034501052991e-01 2.532272425532407283e+02
6.104241078691045042e-01 2.458019905651389081e+02
9.721995022070417658e-01 6.496551450772149110e+02
5.276662613305236338e-01 2.102228041461656289e+02
8.979490887853769365e-01 5.347691586124723244e+02
5.754014828053461983e-01 2.351218267003352480e+02
8.338377636060249065e-01 4.055120597480012066e+02
1.069527528793946747e+00 8.261152050762495946e+02
5.764002006644026732e-01 2.559739897209989294e+02
6.905012482235629578e-01 3.393943923963142879e+02
1.018471278619546672e+00 7.371141403358770958e+02
2.041746554399396785e-01 1.468355495727570315e+02
7.126620245176044088e-01 3.220133370229866046e+02
9.589839140357850900e-01 6.417411705417582652e+02
8.624772832416761625e-01 5.255684654601640204e+02
6.841145239151831259e-01 3.109316515762804443e+02
7.126796140951053848e-01 3.490567872020081381e+02
4.102828160410564723e-02 1.151652954727607323e+02
8.473978031635230890e-01 4.892500535177586016e+02
8.671748001232013614e-01 4.535646633236992784e+02
1.256114959017892441e-01 1.234450432198163412e+02
9.024479536987943529e-02 1.307014772911214777e+02
1.167378682071819329e-01 1.203011634030410022e+02
7.702733892721500553e-01 3.518858448334750619e+02
8.081057751252458676e-02 1.147314900931792181e+02
4.268626220013248540e-01 1.910479395881260416e+02
1.323879740637767810e-01 1.385928571659022452e+02
9.783369342962368043e-01 6.312086658103435184e+02
7.185318154094746390e-01 3.143645591950761968e+02
3.114466106100039489e-01 1.593739513924227538e+02
4.118908824961192705e-01 1.655846367460623014e+02
3.995751469569990832e-01 1.718506191026142460e+02
3.198085187771885773e-01 1.613885450403334403e+02
4.429583730295463262e-01 1.808406250532109709e+02
9.197405053813302311e-01 5.944808111039163805e+02
7.164993605518671371e-01 3.429623223122868581e+02
8.547785598078802005e-01 4.639651455361723151e+02
4.149902190056042883e-01 1.738008351998761043e+02
0.000000000000000000e+00 1.097887365133706652e+02
5.022233320307596394e-01 2.042122614996899017e+02
2.264493055967157220e-01 1.491704143484073199e+02
6.072500473164559320e-01 2.563250854810496548e+02
1.259808545165624905e-01 1.209509882256869133e+02
3.607904938455828714e-01 1.695509880179443769e+02
8.216428892212812585e-02 1.313379882166908885e+02
1.185478901175694016e-01 1.279413332510683716e+02
6.877547045132931247e-01 3.099774904686419745e+02
8.274139553517153578e-01 4.659320747883776335e+02
4.221456948238379581e-01 1.849002427556721955e+02
8.652994672351854710e-01 4.560863132793996897e+02
5.135741307824962520e-01 2.078585158253828524e+02
1.367645873564327097e-01 1.287116549991788474e+02
1.605289610360478569e-01 1.277396981079332079e+02
2.501126431412977746e-01 1.548111998905679343e+02
9.461323701355280891e-01 6.050806751194179469e+02
4.300925785723267447e-01 2.035629066690950140e+02
5.678790119834623562e-01 2.411635054173826234e+02
7.464874145792473881e-01 3.782848948321650369e+02
3.988316559065392952e-01 1.705169838390142161e+02
3.442885707489053981e-01 1.745110192816776191e+02
9.680672666308569596e-01 6.472682571966074647e+02
9.718841266272237878e-01 5.552795969444269986e+02
6.456174869115491877e-01 3.182583391603110954e+02
7.005797052126733204e-01 3.209951837894784035e+02
9.235190093438574443e-01 5.037868421713924363e+02
9.939731232192167143e-01 6.648290198215709097e+02
1.004690587248035172e+00 6.954987057864882445e+02
6.112143542388339679e-01 2.935849896327491706e+02
3.935778159147941824e-01 1.886233307475658023e+02
6.287788358998835925e-01 2.964728264705011611e+02
3.950295544873181353e-01 1.838327862298078514e+02
6.412550117935001959e-01 2.741621638305152828e+02
9.341457590086519325e-01 5.801706956934496020e+02
2.572375879206476590e-01 1.493231783507393402e+02
0.000000000000000000e+00 1.214988352163782679e+02
8.606020748650944352e-01 4.306645618694467430e+02
1.912490069532588877e-01 1.461957309422912203e+02
1.820721911757436084e-01 1.461999226056523469e+02
9.522745554148521752e-01 6.077992553436416756e+02
7.915485657428708022e-01 4.351876500972315966e+02
0.000000000000000000e+00 1.142226635985137619e+02
6.065484971612742360e-01 2.489804140611869343e+02
1.708480594733220725e-01 1.440718282795510277e+02
1.219977476565633490e-01 1.263074484014391317e+02
5.883823857211144537e-01 2.665133077085216087e+02
8.608600482396489006e-01 4.528877980980724942e+02
2.290755049829291401e-01 1.469829893734509767e+02
1.169570359976324081e-01 1.156622833099833656e+02
8.254813578753745773e-01 4.797510013090168854e+02
4.087530687904353255e-01 1.650179490913552343e+02
3.771134775275410411e-01 1.525501547854943851e+02
5.411778628850826278e-01 2.089017829883032675e+02
6.157935409925849868e-01 2.543999763256542792e+02
5.723911616582144646e-01 2.656460146222596563e+02
6.733023698829528891e-01 3.181944988989482113e+02
2.650492547021535694e-01 1.586357665322010746e+02
7.461314860863371701e-01 3.679499133082999265e+02
3.789851137695457450e-02 1.350853767248852932e+02
8.954379268937361080e-02 1.158399007164777572e+02
1.511923287716929742e-01 1.335631326409554163e+02
4.509609374062367171e-01 1.964752540521507171e+02
8.937713024414721819e-01 5.110865855202669650e+02
7.007463359046358642e-01 3.612501714256537753e+02
7.590483943545182077e-01 3.657476465147274780e+02
6.905443046282574437e-01 3.329186776710246249e+02
1.010456489161634330e+00 6.790201720720297089e+02
0.000000000000000000e+00 1.264690539507024738e+02
4.517068320189742137e-01 1.978339535287650790e+02
4.137517499258912962e-02 1.263081030173915593e+02
8.644631692278395563e-02 1.183273469892330922e+02
2.687645306819486657e-01 1.322321944528259792e+02
9.898406672933652839e-01 6.558719741846448414e+02
6.886603563760603786e-01 3.492636718078773015e+02
9.932578917423462439e-01 6.373654339704313543e+02
2.379942384274016942e-01 1.364141391002573869e+02
8.692580694241126560e-01 5.189448889973840551e+02
7.941358584197995008e-01 4.241642804563493314e+02
2.518888989005889645e-01 1.384171511951194020e+02
1.003876495606432329e+00 6.707952725146044486e+02
3.401260615143496535e-01 1.529841077327293704e+02
3.939865694999945545e-01 1.667090385968647865e+02
7.697315837728061494e-01 3.503478536149218030e+02
5.034865837152751045e-01 2.296266552801929492e+02
0.000000000000000000e+00 1.303418204329173307e+02
2.706574485490066961e-01 1.380469671008619628e+02
8.506235448495875762e-01 4.376711340475774250e+02
1.371994558333140268e-01 1.345730761681017782e+02
5.844563158048509122e-01 2.742005963036191929e+02
5.318199564902582610e-01 2.406756280000998629e+02
6.126507177026956352e-01 2.442472941457961610e+02
5.353046474864684434e-01 2.361081484854611006e+02
5.209398621283628517e-01 2.261786681197855557e+02
7.353979705004524137e-01 3.864805285647466917e+02
2.853048416122846431e-01 1.337816457081758017e+02
1.241326741905839914e-01 1.241684852535154278e+02
6.510029634509394425e-01 3.206670990902057952e+02
5.589281180551546324e-01 2.437438267520069530e+02
6.828146401858197212e-01 3.015782551804222180e+02
9.017619540125496602e-01 5.544350009302563649e+02
0.000000000000000000e+00 1.332726309564416454e+02
8.683433193937921679e-01 4.798117379949783299e+02
2.265452036215039044e-01 1.319048021323000626e+02
8.260729690907042677e-01 4.650592198638944410e+02
7.462802213436388055e-01 3.701619659823892903e+02
7.904245610442540704e-01 4.398289817960490495e+02
7.399473922250804359e-01 3.356862208547830733e+02
3.178803894442764899e-01 1.574973246716903077e+02
2.464526169311284376e-01 1.489034669794574199e+02
8.770598638354032417e-01 4.459448126548117557e+02
4.124536544096278345e-01 1.704722973957171916e+02
1.084590617520052147e+00 8.339153171854360380e+02
4.769486040597279985e-01 2.171108010343801311e+02
0.000000000000000000e+00 1.242656727207158553e+02
3.581346778407260567e-01 1.493246256319593215e+02
2.884533861253115727e-01 1.520660222663146612e+02
3.772522802956673194e-01 1.542129447133646920e+02
6.575251254595531059e-01 3.181204528300791594e+02
7.931683164506523331e-01 3.916252371519736357e+02
8.150128145653088296e-01 4.222523671565734844e+02
4.283128104965816529e-01 1.903051450691164348e+02
4.841317379927725928e-01 2.244689779165297239e+02
2.288679329438358945e-01 1.431405717028638094e+02
9.578235614860313163e-01 6.044172756777157929e+02
5.704140218807166596e-01 2.274626248919219336e+02
9.083533550531268375e-02 1.245874584347565275e+02
0.000000000000000000e+00 1.251096005426425393e+02
4.319149660232402543e-01 1.695175434971363586e+02
9.029152279415592064e-01 5.479942485443766600e+02
4.058191669069309837e-01 1.599254777577442610e+02
5.418227846652660107e-01 2.471254920468499563e+02
2.019154810081190687e-01 1.272106034738535101e+02
1.755990930945387218e-01 1.249715160739089299e+02
1.748083356549585132e-01 1.257636584982995629e+02
4.799737571287410742e-01 1.939836245903139798e+02
7.781003372109522864e-01 3.568041618031474513e+02
3.905054810562352818e-01 1.628125076555163560e+02
7.637512891179529806e-01 3.672505188017511273e+02
9.971426894476246305e-01 6.229970326196677206e+02
8.353816968989811187e-01 4.117050144963640150e+02
8.302230279617847097e-01 4.106581276555855879e+02
7.017135102589623363e-01 3.265746186949464800e+02
9.243744942669747111e-01 5.662590223539720000e+02
3.989309988452778843e-01 1.897916566345704439e+02
4.817557375548957577e-01 2.190778995050232254e+02
3.203729230977194753e-01 1.518613307690821159e+02
8.352871032195831047e-01 4.207820375515998421e+02
8.057459076395165343e-02 1.198294165408192384e+02
1.823480959873864937e-01 1.389511097346428130e+02
7.668238246192978780e-01 3.797661866513556106e+02
2.060539416487517372e-01 1.485435151763554131e+02
1.168602007860226472e-01 1.286959708556382793e+02
5.882343724997303180e-01 2.462563123503479972e+02
8.327684262987595787e-01 4.885138150811048945e+02
8.348749416375791377e-01 4.406940155857421360e+02
3.214855867903620434e-01 1.658535921638212187e+02
8.383186769140513750e-01 4.341825098220134578e+02
3.818341324747089316e-01 1.710514100120813339e+02
6.452473253733764791e-01 3.004619941140067567e+02
5.666062522665327172e-01 2.383105061232906507e+02
5.787993000737865490e-01 2.345827981606116452e+02
4.350486554822037555e-02 1.300652620829705484e+02
3.923463171596991428e-01 1.637621220397006994e+02
2.257754066143898009e-01 1.422552737497727833e+02
6.347351395997802292e-01 3.011639269595816586e+02
4.816626073394653096e-01 1.890328920098731942e+02
4.928208844239795883e-01 1.881402347586123369e+02
0.000000000000000000e+00 1.161344193615279323e+02
7.079813994762736984e-01 3.320719042183653755e+02
2.546634591929000657e-01 1.387654140004085264e+02
7.172070875136504764e-01 3.170559828716801576e+02
5.474832741752255760e-01 2.120021293989734090e+02
7.744650958737003821e-01 3.840006337554582956e+02
3.680721958705898689e-01 1.776854317680553663e+02
8.320753438977138705e-01 4.308045068449639530e+02
2.092590919895396528e-01 1.420367642328664033e+02
8.441811203745464010e-01 4.282098488340391214e+02
8.742484451605304629e-01 5.177343531513074595e+02
8.394139936187912099e-01 4.767998376438201262e+02
7.940876467438029440e-02 1.295594725083900585e+02
6.700189039209824005e-01 2.885319416824557948e+02
0.000000000000000000e+00 1.187670256724867812e+02
5.640400968985341823e-01 2.552330931195202766e+02
8.675272699300491386e-01 4.768175208607854074e+02
9.154763051991204881e-02 1.254560531600414777e+02
2.685842475570405785e-01 1.583654486771170582e+02
5.654431732827250867e-01 2.645221060889409159e+02
8.883967981557355786e-01 5.212882562255601897e+02
4.538206955750189175e-01 1.759916844803374545e+02
3.802778980373035245e-02 1.350988707608385653e+02
0.000000000000000000e+00 1.135046089266516134e+02
6.396428089542168793e-01 2.756717551270011768e+02
9.271964276128672466e-01 6.014808748735972586e+02
1.040497737092530350e+00 6.723290336381015777e+02
1.321098345346758407e-01 1.273240234648244638e+02
8.087086876640442457e-02 1.224598247751325033e+02
6.292953293337848475e-01 2.811413146913465084e+02
3.762397267526281786e-01 1.648990772313945001e+02
4.017184367063228456e-01 1.912423155106097568e+02
2.688325141688390763e-01 1.522412977777759124e+02
4.059077234553502556e-01 1.936168929049374015e+02
9.864834996317997096e-01 6.912349650632879730e+02
9.190402489580181689e-01 5.274550265903242234e+02
4.918333419423034369e-01 2.157753910140632740e+02
8.244612608911446872e-01 3.967475769138444548e+02
1.832267778322523299e-01 1.334133535131404358e+02
2.111037220211770538e-01 1.462636200779769240e+02
3.174002180623528013e-01 1.519444269802308440e+02
5.630461865293272528e-01 2.315598937420995185e+02
2.028567641862934201e-01 1.234138803182642619e+02
8.468017435680825766e-01 4.654775497220038574e+02
