7.511042386405700766e-01 9.844627067916463803e-01
8.327203968787776356e-01 9.477832027908233981e-01
8.298347676416235885e-02 9.058276850825727200e-01
3.305295795826811434e-01 9.451161979182745032e-01
1.246651106014270705e-01 9.026358117723558561e-01
5.464468423861617019e-01 9.986037787152768352e-01
8.315449416196915022e-01 9.471711754337620581e-01
4.194320366038620934e-02 9.116335778433677373e-01
4.201524756376413539e-01 9.618957790106088535e-01
9.244747233562098376e-01 8.950118738867230972e-01
8.358298781227462282e-01 9.521563262895534896e-01
2.504603047983339770e-01 9.283192348405582273e-01
1.671679687167137718e-01 9.183038238801761732e-01
4.573182246418969199e-01 9.591725776982710228e-01
2.892605540405258080e-01 9.279162514780229243e-01
4.584846816077172704e-01 9.654877450256915683e-01
4.199832019489497248e-01 9.580178054109415031e-01
3.313945396791765363e-01 9.377628847103511855e-01
9.607181874613983652e-01 8.746812512546718876e-01
6.708536603129034992e-01 1.003948517848607169e+00
9.174283996523593387e-01 9.098815423794942570e-01
5.394886193680187292e-01 9.790478553856055699e-01
4.169318872172671497e-01 9.562854234802585784e-01
7.128273169010345134e-01 1.004054449656160308e+00
2.891098155113551171e-01 9.206372751332971838e-01
2.896360837185584791e-01 9.341449700063521044e-01
8.409045998037388836e-01 9.595764742053445318e-01
8.670387943244423079e-01 9.347148382284753421e-01
4.138094330763749662e-01 9.516175904086454640e-01
3.312096401371030230e-01 9.434594829069298250e-01
3.319716175821484927e-01 9.308530250931309480e-01
3.775834466024605152e-01 9.486651124209104502e-01
4.619394582159027651e-01 9.784256555673732647e-01
1.655055890421268661e-01 9.181610763980325718e-01
5.436300578550133933e-01 9.911207147425252773e-01
4.176631845003781485e-01 9.595570598742504398e-01
2.936794017581572658e-01 9.351759222030265883e-01
1.006930641247608227e+00 8.298484732020393606e-01
2.926812876287444576e-01 9.378352917666278321e-01
4.132214345272385847e-01 9.616394757691396622e-01
4.157417463121373946e-02 9.155420763584664057e-01
4.952643480859937331e-01 9.816322443685771004e-01
7.992829598914927836e-01 9.629404875733891256e-01
2.891917945380906296e-01 9.324962708745835327e-01
4.580502270519857255e-01 9.640014957036904253e-01
1.249344431311901343e-01 9.137076474099229406e-01
2.911124722050150160e-01 9.308585086345870785e-01
3.724483099810056985e-01 9.508700570579559086e-01
4.992408559543487501e-01 9.688702934647837051e-01
8.295229920248056166e-01 9.589809607832245897e-01
7.937027009449109105e-01 9.662354176084131385e-01
2.091915473627948274e-01 9.077206907075006104e-01
1.673411349610898768e-01 9.147018712509661365e-01
7.895753274687956624e-01 9.765249941781857235e-01
1.662203153885312146e-01 9.197175433110584830e-01
9.567921442716487146e-01 8.747629643718022319e-01
4.984453589583322519e-01 9.849926649803507628e-01
1.237841874182037949e-01 9.025033118963038392e-01
4.583799328383482696e-01 9.681181617680854057e-01
4.189831019059527678e-02 9.132863415261984752e-01
5.410917929630750800e-01 9.934732290495633666e-01
1.672772192685931802e-01 9.215265097827428642e-01
5.465999031560813126e-01 9.943689219200443352e-01
6.247438249385777187e-01 9.968595462252684003e-01
2.093664360005447200e-01 9.127753119240947788e-01
4.126509862353024971e-01 9.630537143791612076e-01
4.575893039990434619e-01 9.607772223284098967e-01
1.239212965172799136e-01 9.113609317116301289e-01
8.354449552557203784e-01 9.481275862378675257e-01
5.459680018714705430e-01 9.828747013335732419e-01
6.235968494609177570e-01 9.953372277088413655e-01
3.769399237821615123e-01 9.495271060638204030e-01
9.198447960204325646e-01 8.985944193940370583e-01
0.000000000000000000e+00 9.071039914744295496e-01
9.571415269810602533e-01 8.676082446945102555e-01
1.246262359464187092e-01 9.148450707757053157e-01
2.503869004012332922e-01 9.284077201986048467e-01
2.477179346899446855e-01 9.300098627159786302e-01
8.394596174291719948e-02 9.029448122644372354e-01
4.145539193413688012e-02 9.068659753688349534e-01
3.771960137284717796e-01 9.563196236665668648e-01
9.095486987574908921e-01 9.050966831899364129e-01
7.850996883006489124e-01 9.725388509511849744e-01
8.804324860362477967e-01 9.201699504087329506e-01
6.656422235157616329e-01 1.000497296104382317e+00
1.000073383146896644e+00 8.432069313280645684e-01
3.347705028878850686e-01 9.378411589251339775e-01
5.824650660316225137e-01 9.928958197005369746e-01
4.127831985405906734e-02 9.099632435264918273e-01
1.005220887607140234e+00 8.360426773109418397e-01
8.672197364865387170e-01 9.398614691090961815e-01
3.786024946321746021e-01 9.493362130249335396e-01
5.806474209520517960e-01 9.956903342560002868e-01
5.459755971532243013e-01 9.883797699093423983e-01
7.057680891625111030e-01 9.878480106071964029e-01
5.462554801633712209e-01 9.841382679268452227e-01
3.769579739796422579e-01 9.444812429155006184e-01
2.914359884034873893e-01 9.349787936886250206e-01
8.291653609068011521e-02 9.063501494199652786e-01
1.262312971711119225e-01 9.132112055782157789e-01
7.083049853789051831e-01 9.876146879942474532e-01
4.133593743793795294e-02 9.041588653215311133e-01
9.926184568685010312e-01 8.494668385925785437e-01
7.961115662512260327e-01 9.786739460937394774e-01
6.652351816370691839e-01 9.971440787456044008e-01
1.661352748672037805e-01 9.116402597662411900e-01
3.329445687852886637e-01 9.329183087876748992e-01
1.260196371328892451e-01 9.092820109228965109e-01
8.762022596269430919e-01 9.255233895719129356e-01
5.782083292234625471e-01 9.913251868339700845e-01
4.970968067634431997e-01 9.714441549836680956e-01
5.362526709505487377e-01 9.799991316668479335e-01
0.000000000000000000e+00 9.002604798622169113e-01
9.099458353989818837e-01 9.041717378162726915e-01
4.199309834792850915e-01 9.569230080744248745e-01
0.000000000000000000e+00 9.165561723512800629e-01
2.503337063002376572e-01 9.242100315735174432e-01
7.111583796657211520e-01 9.862941085592185075e-01
9.181783859015488769e-01 9.081910084132427396e-01
7.940141684559526292e-01 9.637857873470880854e-01
2.065037767591176299e-01 9.141236819593917540e-01
5.870145867014557872e-01 9.983364692267555629e-01
4.141846466328637510e-01 9.652714140529528031e-01
4.157066853458535327e-02 9.063299370812449851e-01
5.816977418250950382e-01 9.917929807016161448e-01
7.919283093408706620e-01 9.683681693715635586e-01
6.291353542408107957e-01 9.986875594065915962e-01
2.494319289911176574e-01 9.296479693770889341e-01
6.601635771168926636e-01 9.995812799938023074e-01
4.990402724709586124e-01 9.845615452632658915e-01
9.497313186608109525e-01 8.760526356859654751e-01
8.358330457373557287e-01 9.483068134390508774e-01
1.241048430326333052e-01 9.036508946046544200e-01
7.039230180000007886e-01 1.004463421094052178e+00
6.659742575477104465e-01 9.945534655746872676e-01
0.000000000000000000e+00 9.149670757576431335e-01
3.742525083484832815e-01 9.442379281060299112e-01
2.063510884306912208e-01 9.167071798859303122e-01
1.656720437402291468e-01 9.100599935662054829e-01
4.171838115353306287e-01 9.497971055719959255e-01
7.537315013929978269e-01 9.872652532102034195e-01
1.004373461212014318e+00 8.427262312662832100e-01
2.097765872113933339e-01 9.245466488393685456e-01
1.009005075987432054e+00 8.285622056316160888e-01
2.908047436521588036e-01 9.355801638574915424e-01
7.144955339202130329e-01 9.954697022623082425e-01
3.339814040960675245e-01 9.322828682220263286e-01
8.713144725143492364e-01 9.422917800539490907e-01
9.986573054130163385e-01 8.386115602391438495e-01
2.098289356312720011e-01 9.149363689538894118e-01
4.983375872904158843e-01 9.826276721328108810e-01
8.675174709367213799e-01 9.438287766327344563e-01
5.026575782857667374e-01 9.811617668099247291e-01
5.044593759354711882e-01 9.811053735209523952e-01
2.903923183607466929e-01 9.274777578252246801e-01
2.504634268013417597e-01 9.233640136969253343e-01
8.720329477102433113e-01 9.399880678128378353e-01
8.294067927038966115e-01 9.511147181941647100e-01
1.240980379812237216e-01 9.073826112021325940e-01
9.601747561199828196e-01 8.746004116244058268e-01
8.800735906052473689e-01 9.248286959385497719e-01
5.377427518108347515e-01 9.899036963961682645e-01
4.132901675926333729e-01 9.478864576017613786e-01
9.583134293550715777e-01 8.730731643001010678e-01
4.606473362073643107e-01 9.628963888014587802e-01
2.503470540759020757e-01 9.127316665191309575e-01
5.813037527729093545e-01 9.860369120565370959e-01
2.495048266323634523e-01 9.285180567757170822e-01
8.397238898635145388e-01 9.567205195809597162e-01
7.935539806921297901e-01 9.635404253011640163e-01
4.976855861245905732e-01 9.837363591070142910e-01
1.258036681403555401e-01 9.171586779974225667e-01
7.994893710291978151e-01 9.764090715204095661e-01
8.296879328299264222e-02 9.021823029548210471e-01
0.000000000000000000e+00 9.101506246040209636e-01
4.958926112456203961e-01 9.743240352098677670e-01
2.082706306170063193e-01 9.143230598475854398e-01
4.568434763620790595e-01 9.741072643587952440e-01
9.920707929407649450e-01 8.436195875500267505e-01
9.664589932825538021e-01 8.664418931141081304e-01
2.095936015308406675e-01 9.156930524167338215e-01
3.345503080404729768e-01 9.282007694876756032e-01
8.402172230607694026e-01 9.502411226093629981e-01
1.682273794973765391e-01 9.115681336684424707e-01
3.316024555403852547e-01 9.363043325872282274e-01
7.136746158634098558e-01 9.897930550050787479e-01
2.495161627051561970e-01 9.257664384483313968e-01
5.462862141390498749e-01 9.890338035329072630e-01
9.664982590556305819e-01 8.607854523931337543e-01
4.972100098366670773e-01 9.861744313081634017e-01
5.875083752891704370e-01 1.005550272794687006e+00
7.100468773667750755e-01 1.000768316240412847e+00
8.690783342392016664e-01 9.257721177928469602e-01
7.036794233376282293e-01 9.932631655158092876e-01
3.339902425703773492e-01 9.447906827208771841e-01
4.622875959660704415e-01 9.645532158750987906e-01
1.245632384248331892e-01 9.086338254741272991e-01
8.684912567870585187e-01 9.299681297453411544e-01
0.000000000000000000e+00 9.004843028479335709e-01
6.697721760137195224e-01 1.006152941007679047e+00
8.411662582305459712e-02 9.049075379133525443e-01
7.894094322805716990e-01 9.701342346060569666e-01
5.393320268365224823e-01 9.828249651489909811e-01
8.408700190217101023e-01 9.494877170455376936e-01
4.554278168865946719e-01 9.654152902352586274e-01
8.371949145778502521e-02 9.015081811349948682e-01
4.584935435700469020e-01 9.730268563349085964e-01
3.365144594807459866e-01 9.294102684798194458e-01
4.203581522042282304e-02 9.029176291889655648e-01
5.883593962577018388e-01 9.906659875254573144e-01
1.678748223985184473e-01 9.123338733780608223e-01
7.526433083237298316e-01 9.933376811967509212e-01
5.390189657779421717e-01 9.916926608605639570e-01
4.566313357640177095e-01 9.617554431702393103e-01
1.651555215360510642e-01 9.116360176073009525e-01
7.127768005577016508e-01 1.003742221708347371e+00
6.307971446331991361e-01 1.007784381827930398e+00
9.966190576443497706e-01 8.514145100302301650e-01
4.180233034450087648e-01 9.626972317472421992e-01
2.509531880197977127e-01 9.264389435876376755e-01
4.187221800937348387e-02 9.065936598715627071e-01
3.360708807299360168e-01 9.354588808153566637e-01
7.546235084266476045e-01 9.772542347160925180e-01
8.395798161179204300e-01 9.531979200341565983e-01
2.890347338614274175e-01 9.239487921926398117e-01
8.291788600398336539e-02 9.009417969986728281e-01
8.764164137519565578e-01 9.383005399193811158e-01
0.000000000000000000e+00 9.013835116283113180e-01
1.674840182591711690e-01 9.182636312680035884e-01
7.153424300341676423e-01 9.888011245344012767e-01
0.000000000000000000e+00 9.027399871072628867e-01
4.593498396144344298e-01 9.763623390063774776e-01
8.679086441909600325e-01 9.309777581400120461e-01
5.447811398892740131e-01 9.894142967774850472e-01
7.038678200175600974e-01 9.922101697256708874e-01
8.382374348989803936e-01 9.440714821748842356e-01
1.243697388640225693e-01 9.165991638394767049e-01
8.386001839103855715e-02 9.122870937143356951e-01
1.663440917569501132e-01 9.117209479868678690e-01
6.218925717928965868e-01 9.939549462701123828e-01
1.007220265347639865e+00 8.319605189904555331e-01
4.163823079181805942e-01 9.621133223539645174e-01
5.040680194592493946e-01 9.771841898373423430e-01
7.941539968315446396e-01 9.680201366355211112e-01
2.097418149817522337e-01 9.170333696889936270e-01
4.565146833511525837e-01 9.582166495271614570e-01
4.186514351686811825e-02 9.167502352927288101e-01
4.157764075231544509e-02 9.145534211706795036e-01
0.000000000000000000e+00 9.123672108251171808e-01
3.723683102836378156e-01 9.444322013840510399e-01
2.077622085203394697e-01 9.123565486388833801e-01
